 (m)      (n)       Wavelength(W)
  2        1          1215.73328
  3        1          1025.77502
  3        2          6564.95996
  4        1           972.58667
  4        2          4862.93311
  4        3         18757.02734
  5        1           949.79163
  5        2          4341.90479
  5        3         12822.18750
  5        4         40524.44531
  6        1           937.85144
  6        2          4103.10010
  6        3         10941.59961
  6        4         26259.83984
  6        5         74601.82031
  7        1           930.79584
  7        2          3971.39551
  7        3         10052.59473
  7        4         21662.15820
  7        5         46539.79297
  7        6        123724.24219
  8        1           926.27301
  8        2          3890.34668
  8        3          9549.03223
  8        4         19451.73242
  8        5         37407.17969
  8        6         75028.10938
  8        7        190626.98438
  9        1           923.19751
  9        2          3836.66479
  9        3          9231.97461
  9        4         18179.88867
  9        5         32971.33984
  9        6         59084.64062
  9        7        113091.69531
  9        8        278045.37500
 10        1           921.01007
 10        2          3799.16650
 10        3          9017.80176
 10        4         17367.61914
 10        5         30393.33203
 10        6         51288.75000
 10        7         87604.31250
 10        8        162097.78125
 10        9        388714.71875
 11        1           919.39832
 11        2          3771.89062
 11        3          8865.62695
 11        4         16811.85547
 11        5         28731.19727
 11        6         46727.06641
 11        7         75084.19531
 11        8        123876.82812
 11        9        223413.79688
 11       10        525370.50000
 12        1           918.17621
 12        2          3751.40576
 12        3          8753.28027
 12        4         16412.40039
 12        5         27583.86523
 12        6         43766.39844
 12        7         67722.74219
 12        8        105039.35938
 12        9        168813.25000
 12       10        298407.28125
 12       11        690747.93750
 13        1           917.22736
 13        2          3735.61694
 13        3          8667.79883
 13        4         16114.42578
 13        5         26752.46484
 13        6         41709.70703
 13        7         62921.79688
 13        8         93924.08594
 13        9        141836.70312
 13       10        223324.92188
 13       11        388445.78125
 13       12        887582.56250
 14        1           916.47589
 14        2          3723.18335
 14        3          8601.15039
 14        4         15885.58203
 14        5         26127.60156
 14        6         40210.37891
 14        7         59570.93359
 14        8         86648.63281
 14        9        125875.96875
 14       10        186159.17188
 14       11        288323.31250
 14       12        494896.96875
 14       13       1118609.75000
 15        1           915.87054
 15        2          3713.21265
 15        3          8548.12500
 15        4         15705.64551
 15        5         25644.37500
 15        6         39077.14062
 15        7         57117.01562
 15        8         81552.29688
 15        9        115399.68750
 15       10        164124.00000
 15       11        238689.95312
 15       12        364720.00000
 15       13        619128.50000
 15       14       1386564.75000
 16        1           915.37567
 16        2          3705.09204
 16        3          8505.21094
 16        4         15561.38672
 16        5         25261.99023
 16        6         38196.12891
 16        7         55254.19922
 16        8         77806.92969
 16        9        108040.48438
 16       10        149628.71875
 16       11        209214.20312
 16       12        300112.43750
 16       13        453426.59375
 16       14        762507.93750
 16       15       1694183.25000
 17        1           914.96594
 17        2          3698.38867
 17        3          8469.97070
 17        4         15443.82129
 17        5         24953.61719
 17        6         37495.52344
 17        7         53800.00000
 17        8         74954.00781
 17        9        102616.95312
 17       10        139423.39062
 17       11        189790.07812
 17       12        261692.89062
 17       13        371110.18750
 17       14        555354.81250
 17       15        926403.06250
 17       16       2044200.25000
 18        1           914.62292
 18        2          3692.79004
 18        3          8440.66309
 18        4         15346.65918
 18        5         24700.93555
 18        6         36927.89844
 18        7         52639.04297
 18        8         72719.55469
 18        9         98474.39844
 18       10        131885.35938
 18       11        176089.68750
 18       12        236338.56250
 18       13        322106.59375
 18       14        452366.78125
 18       15        671416.37500
 18       16       1112181.50000
 18       17       2439351.50000
 19        1           914.33276
 19        2          3688.06494
 19        3          8416.01758
 19        4         15265.38184
 19        5         24491.05664
 19        6         36460.77734
 19        7         51694.96875
 19        8         70930.05469
 19        9         95221.22656
 19       10        126114.86719
 19       11        165951.39062
 19       12        218428.62500
 19       13        289729.18750
 19       14        391001.93750
 19       15        544565.81250
 19       16        802522.93750
 19       17       1321210.87500
 19       18       2882372.25000
 20        1           914.08521
 20        2          3684.04028
 20        3          8395.08984
 20        4         15196.66602
 20        5         24314.66602
 20        6         36071.20703
 20        7         50915.32812
 20        8         69470.47656
 20        9         92609.15625
 20       10        121573.32812
 20       11        158176.06250
 20       12        205155.00000
 20       13        266829.78125
 20       14        350417.25000
 20       15        468925.71875
 20       16        648391.12500
 20       17        949586.31250
 20       18       1554858.87500
 20       19       3375998.00000
 21        1           913.87225
 21        2          3680.58398
 21        3          8377.16211
 21        4         15138.02539
 21        5         24164.89062
 21        6         35742.55859
 21        7         50262.97266
 21        8         68261.64844
 21        9         90473.35156
 21       10        117919.00000
 21       11        152045.50000
 21       12        194959.42188
 21       13        249836.54688
 21       14        321683.03125
 21       15        418858.12500
 21       16        556424.68750
 21       17        764526.31250
 21       18       1113518.25000
 21       19       1814493.37500
 21       20       3922963.75000
 22        1           913.68774
 22        2          3677.59326
 22        3          8361.68555
 22        4         15087.56250
 22        5         24036.55664
 22        6         35462.50781
 22        7         49710.91797
 22        8         67247.42188
 22        9         88700.26562
 22       10        114924.78906
 22       11        147103.73438
 22       12        186908.26562
 22       13        236766.95312
 22       14        300336.78125
 22       15        383378.43750
 22       16        495507.31250
 22       17        654045.81250
 22       18        893655.18750
 22       19       1295230.37500
 22       20       2101482.00000
 22       21       4526005.50000
 23        1           913.52686
 23        2          3674.98804
 23        3          8348.23047
 23        4         15043.81152
 23        5         23925.70312
 23        6         35221.74219
 23        7         49239.09766
 23        8         66386.88281
 23        9         87209.18750
 23       10        112434.07812
 23       11        143047.56250
 23       12        180408.51562
 23       13        226432.85938
 23       14        283901.12500
 23       15        356996.68750
 23       16        452306.21875
 23       17        580820.37500
 23       18        762335.93750
 23       19       1036461.50000
 23       20       1495634.75000
 23       21       2417192.25000
 23       22       5187858.50000
 24        1           913.38574
 24        2          3672.70483
 24        3          8336.45703
 24        4         15005.62305
 24        5         23829.25586
 24        6         35013.12109
 24        7         48832.33984
 24        8         65649.60156
 24        9         85941.29688
 24       10        110335.46094
 24       11        139667.71875
 24       12        175065.59375
 24       13        218079.26562
 24       14        270890.96875
 24       15        336664.62500
 24       16        420157.43750
 24       17        528856.68750
 24       18        675253.00000
 24       19        881842.06250
 24       20       1193629.12500
 24       21       1715642.87500
 24       22       2762991.75000
 24       23       5911257.50000
 25        1           913.26123
 25        2          3670.69238
 25        3          8326.09570
 25        4         14972.08496
 25        5         23744.79102
 25        6         34831.07031
 25        7         48478.94922
 25        8         65012.47656
 25        9         84852.71094
 25       10        108547.61719
 25       11        136815.21875
 25       12        170607.06250
 25       13        211203.67188
 25       14        260362.46875
 25       15        320554.68750
 25       16        395360.43750
 25       17        490160.34375
 25       18        613420.25000
 25       19        779260.87500
 25       20       1013111.12500
 25       21       1365841.75000
 25       22       1956166.62500
 25       23       3140248.75000
 25       24       6698938.50000
 26        1           913.15082
 26        2          3668.90942
 26        3          8316.92871
 26        4         14942.46777
 26        5         23670.38281
 26        6         34671.19531
 26        7         48169.79688
 26        8         64457.70312
 26        9         83910.11719
 26       10        107009.85938
 26       11        134381.25000
 26       12        166838.82812
 26       13        205458.93750
 26       14        251687.18750
 26       15        307505.06250
 26       16        375696.34375
 26       17        460291.71875
 26       18        567346.81250
 26       19        706387.37500
 26       20        893299.68750
 26       21       1156690.12500
 26       22       1553783.12500
 26       23       2218117.75000
 26       24       3550330.25000
 26       25       7553637.00000
 27        1           913.05249
 27        2          3667.32251
 27        3          8308.77734
 27        4         14916.17773
 27        5         23604.48047
 27        6         34529.98438
 27        7         47897.65625
 27        8         63971.33984
 27        9         83087.77344
 27       10        105676.02344
 27       11        132284.48438
 27       12        163619.00000
 27       13        200597.62500
 27       14        244430.82812
 27       15        296742.06250
 27       16        359754.25000
 27       17        436588.50000
 27       18        531761.75000
 27       19        652058.37500
 27       20        808148.56250
 27       21       1017825.25000
 27       22       1313126.00000
 27       23       1758137.25000
 27       24       2502408.25000
 27       25       3994604.50000
 27       26       8478088.00000
 28        1           912.96448
 28        2          3665.90356
 28        3          8301.49805
 28        4         14892.73340
 28        5         23545.82227
 28        6         34404.60156
 28        7         47656.74609
 28        8         63542.32812
 28        9         82365.50000
 28       10        104510.40625
 28       11        130463.03906
 28       12        160841.51562
 28       13        196438.78125
 28       14        238283.73438
 28       15        287730.81250
 28       16        346594.53125
 28       17        417357.56250
 28       18        503503.87500
 28       19        610073.93750
 28       20        744636.68750
 28       21        919094.37500
 28       22       1153293.25000
 28       23       1482965.75000
 28       24       1979587.87500
 28       25       2809949.75000
 28       26       4474439.00000
 28       27       9475028.00000
 29        1           912.88544
 29        2          3664.62988
 29        3          8294.96875
 29        4         14871.73438
 29        5         23493.37500
 29        6         34292.74219
 29        7         47442.38281
 29        8         63161.80469
 29        9         81727.27344
 29       10        103484.99219
 29       11        128869.00000
 29       12        158425.57812
 29       13        192847.04688
 29       14        233019.32812
 29       15        280089.84375
 29       16        335567.34375
 29       17        401471.15625
 29       18        480562.68750
 29       19        576715.37500
 29       20        695531.81250
 29       21        845423.25000
 29       22       1039615.43750
 29       23       1300159.62500
 29       24       1666756.62500
 29       25       2218818.75000
 29       26       3141653.75000
 29       27       4991201.50000
 29       28      10547190.00000
 30        1           912.81421
 30        2          3663.48218
 30        3          8289.09082
 30        4         14852.85059
 30        5         23446.28516
 30        6         34192.50000
 30        7         47250.73828
 30        8         62822.58203
 30        9         81160.21875
 30       10        102577.50000
 30       11        127464.71875
 30       12        156308.56250
 30       13        189719.26562
 30       14        228468.06250
 30       15        273540.00000
 30       16        326209.18750
 30       17        388149.21875
 30       18        461598.75000
 30       19        549617.50000
 30       20        656496.00000
 30       21        788438.81250
 30       22        954759.81250
 30       23       1170102.37500
 30       24       1458880.00000
 30       25       1865045.37500
 30       26       2476514.00000
 30       27       3498432.50000
 30       28       5546259.00000
 30       29      11697312.00000
 31        1           912.74976
 31        2          3662.44434
 31        3          8283.77930
 31        4         14835.80566
 31        5         23403.83984
 31        6         34102.30469
 31        7         47078.67188
 31        8         62518.78125
 31        9         80653.89062
 31       10        101770.00781
 31       11        126220.25781
 31       12        154441.28125
 31       13        186975.40625
 31       14        224500.65625
 31       15        267872.21875
 31       16        318180.68750
 31       17        376835.28125
 31       18        445685.53125
 31       19        527204.25000
 31       20        624769.87500
 31       21        743118.75000
 31       22        889098.62500
 31       23       1072988.12500
 31       24       1310945.75000
 31       25       1629910.37500
 31       26       2078379.25000
 31       27       2753357.00000
 31       28       3881197.75000
 31       29       6140980.50000
 31       30      12928128.00000
 32        1           912.69128
 32        2          3661.50269
 32        3          8278.96387
 32        4         14820.36816
 32        5         23365.44531
 32        6         34020.84375
 32        7         46923.56641
 32        8         62245.54688
 32        9         80199.71875
 32       10        101047.96094
 32       11        125111.47656
 32       12        152784.51562
 32       13        184552.57812
 32       14        221016.79688
 32       15        262927.06250
 32       16        311227.71875
 32       17        367121.68750
 32       18        432161.93750
 32       19        508385.56250
 32       20        598514.87500
 32       21        706268.06250
 32       22        836856.81250
 32       23        997814.93750
 32       24       1200449.75000
 32       25       1462536.37500
 32       26       1813706.37500
 32       27       2307305.25000
 32       28       3050031.75000
 32       29       4290861.00000
 32       30       6776733.00000
 32       31      14242374.00000
 33        1           912.63806
 33        2          3660.64575
 33        3          8274.58496
 33        4         14806.33984
 33        5         23330.59570
 33        6         33947.01562
 33        7         46783.23047
 33        8         61998.83984
 33        9         79790.64062
 33       10        100399.41406
 33       11        124118.77344
 33       12        151306.68750
 33       13        182400.62500
 33       14        217937.56250
 33       15        258580.78125
 33       16        305156.37500
 33       17        358703.25000
 33       18        420543.59375
 33       19        492383.28125
 33       20        576458.75000
 33       21        675757.75000
 33       22        794360.12500
 33       23        937983.31250
 33       24       1114891.50000
 33       25       1337486.75000
 33       26       1625264.75000
 33       27       2010724.12500
 33       28       2552370.25000
 33       29       3367222.25000
 33       30       4728334.00000
 33       31       7454884.00000
 33       32      15642784.00000
 34        1           912.58942
 34        2          3659.86377
 34        3          8270.58984
 34        4         14793.55469
 34        5         23298.86719
 34        6         33879.88281
 34        7         46655.82422
 34        8         61775.28516
 34        9         79420.75000
 34       10         99814.46875
 34       11        123226.02344
 34       12        149982.09375
 34       13        180479.12500
 34       14        215200.00000
 34       15        254735.95312
 34       16        299816.03125
 34       17        351346.93750
 34       18        410467.81250
 34       19        478627.31250
 34       20        557693.56250
 34       21        650114.68750
 34       22        759160.31250
 34       23        889294.37500
 34       24       1046771.56250
 34       25       1240631.75000
 34       26       1484440.75000
 34       27       1799521.62500
 34       28       2221419.25000
 34       29       2814121.50000
 34       30       3705612.25000
 34       31       5194529.00000
 34       32       8176801.00000
 34       33      17132096.00000
 35        1           912.54492
 35        2          3659.14819
 35        3          8266.93652
 35        4         14781.86914
 35        5         23269.89648
 35        6         33818.65234
 35        7         46539.79297
 35        8         61572.02344
 35        9         79085.10156
 35       10         99284.89062
 35       11        122419.88281
 35       12        148789.56250
 35       13        178755.10938
 35       14        212753.32812
 35       15        251314.87500
 35       16        295088.21875
 35       17        344871.78125
 35       18        401657.50000
 35       19        466690.68750
 35       20        541553.93750
 35       21        628287.18750
 35       22        729563.06250
 35       23        848950.00000
 35       24        991319.06250
 35       25       1163494.75000
 35       26       1375339.87500
 35       27       1641653.62500
 35       28       1985697.75000
 35       29       2446247.75000
 35       30       3093106.00000
 35       31       4065885.50000
 35       32       5690357.50000
 35       33       8943853.00000
 35       34      18713042.00000
 36        1           912.50409
 36        2          3658.49170
 36        3          8263.58594
 36        4         14771.16016
 36        5         23243.36719
 36        6         33762.65234
 36        7         46433.79688
 36        8         61386.63672
 36        9         78779.51562
 36       10         98803.74219
 36       11        121689.21094
 36       12        147711.59375
 36       13        177201.48438
 36       14        210556.17188
 36       15        248254.78125
 36       16        290878.21875
 36       17        339135.28125
 36       18        393897.59375
 36       19        456247.15625
 36       20        527541.43750
 36       21        609504.68750
 36       22        704358.75000
 36       23        815013.68750
 36       24        945354.25000
 36       25       1100682.50000
 36       26       1288426.37500
 36       27       1519319.25000
 36       28       1809467.12500
 36       29       2184183.75000
 36       30       2685665.50000
 36       31       3389871.00000
 36       32       4448726.00000
 36       33       6216731.50000
 36       34       9757406.00000
 36       35      20388362.00000
 37        1           912.46649
 37        2          3657.88770
 37        3          8260.50586
 37        4         14761.32031
 37        5         23219.01367
 37        6         33711.28906
 37        7         46336.70703
 37        8         61217.06250
 37        9         78500.46094
 37       10         98365.18750
 37       11        121024.64062
 37       12        146733.54688
 37       13        175795.79688
 37       14        208574.43750
 37       15        245504.53125
 37       16        287109.68750
 37       17        334023.56250
 37       18        387018.53125
 37       19        447043.40625
 37       20        515275.21875
 37       21        593189.75000
 37       22        682661.06250
 37       23        786102.93750
 37       24        906676.43750
 37       25       1048600.62500
 37       26       1217633.25000
 37       27       1421839.50000
 37       28       1672874.00000
 37       29       1988223.00000
 37       30       2395370.50000
 37       31       2940128.00000
 37       32       3704963.25000
 37       33       4854817.00000
 37       34       6774562.50000
 37       35      10618829.00000
 37       36      22160786.00000
 38        1           912.43188
 38        2          3657.33105
 38        3          8257.66699
 38        4         14752.25977
 38        5         23196.60352
 38        6         33664.07031
 38        7         46247.54297
 38        8         61061.52734
 38        9         78244.88281
 38       10         97964.22656
 38       11        120418.25000
 38       12        145843.10938
 38       13        174519.23438
 38       14        206779.87500
 38       15        243022.00000
 38       16        283720.21875
 38       17        329444.78125
 38       18        380884.90625
 38       19        438879.71875
 38       20        504459.46875
 38       21        578901.18750
 38       22        663805.56250
 38       23        761204.50000
 38       24        873714.50000
 38       25       1004761.25000
 38       26       1158916.75000
 38       27       1342419.50000
 38       28       1564007.75000
 38       29       1836307.75000
 38       30       2178263.25000
 38       31       2619648.50000
 38       32       3210091.75000
 38       33       4038929.75000
 38       34       5284843.50000
 38       35       7364762.50000
 38       36      11529489.00000
 38       37      24033054.00000
 39        1           912.39984
 39        2          3656.81689
 39        3          8255.04590
 39        4         14743.89648
 39        5         23175.93164
 39        6         33620.55078
 39        7         46165.44922
 39        8         60918.50391
 39        9         78010.18750
 39       10         97596.60938
 39       11        119863.27344
 39       12        145029.82812
 39       13        173355.96875
 39       14        205148.79688
 39       15        240772.18750
 39       16        280658.53125
 39       17        325323.87500
 39       18        375387.37500
 39       19        431596.59375
 39       20        494860.93750
 39       21        566296.18750
 39       22        647284.81250
 39       23        739558.93750
 39       24        845316.75000
 39       25        967388.25000
 39       26       1109478.25000
 39       27       1276530.37500
 39       28       1475289.87500
 39       29       1715204.37500
 39       30       2009924.37500
 39       31       2379929.75000
 39       32       2857408.75000
 39       33       3496012.00000
 39       34       4392318.00000
 39       35       5739488.50000
 39       36       7988243.00000
 39       37      12490754.00000
 39       38      26007898.00000
 40        1           912.37024
 40        2          3656.34082
 40        3          8252.62109
 40        4         14736.16113
 40        5         23156.82422
 40        6         33580.35938
 40        7         46089.69531
 40        8         60786.66406
 40        9         77794.12500
 40       10         97258.66406
 40       11        119353.93750
 40       12        144284.82812
 40       13        172292.60938
 40       14        203661.31250
 40       15        238725.81250
 40       16        277881.90625
 40       17        321599.03125
 40       18        370436.62500
 40       19        425065.12500
 40       20        486293.31250
 40       21        555104.43750
 40       22        632704.25000
 40       23        720585.93750
 40       24        820620.00000
 40       25        935179.50000
 40       26       1067319.12500
 40       27       1221037.37500
 40       28       1401669.00000
 40       29       1616492.87500
 40       30       1875702.87500
 40       31       2194027.75000
 40       32       2593564.50000
 40       33       3109041.75000
 40       34       3798345.25000
 40       35       4765674.50000
 40       36       6219435.50000
 40       37       8645916.00000
 40       38      13503992.00000
 40       39      28088056.00000
 41        1           912.34271
 41        2          3655.89941
 41        3          8250.37207
 41        4         14728.99219
 41        5         23139.12695
 41        6         33543.15234
 41        7         46019.64062
 41        8         60664.86719
 41        9         77594.75000
 41       10         96947.23438
 41       11        118885.27344
 41       12        143600.48438
 41       13        171317.68750
 41       14        202300.48438
 41       15        236858.20312
 41       16        275354.62500
 41       17        318218.84375
 41       18        365959.03125
 41       19        419180.00000
 41       20        478606.03125
 41       21        545110.06250
 41       22        619752.81250
 41       23        703834.37500
 41       24        798964.56250
 41       25        907158.93750
 41       26       1030974.50000
 41       27       1173702.12500
 41       28       1339648.62500
 41       29       1534560.50000
 41       30       1766276.87500
 41       31       2045776.50000
 41       32       2388921.50000
 41       33       2819509.00000
 41       34       3374938.25000
 41       35       4117546.75000
 41       36       5159547.00000
 41       37       6725369.50000
 41       38       9338694.00000
 41       39      14570570.00000
 41       40      30276262.00000
 42        1           912.31720
 42        2          3655.48901
 42        3          8248.28320
 42        4         14722.33594
 42        5         23122.70312
 42        6         33508.64844
 42        7         45954.71875
 42        8         60552.10156
 42        9         77410.35938
 42       10         96659.56250
 42       11        118452.97656
 42       12        142970.23438
 42       13        170421.42188
 42       14        201051.89062
 42       15        235148.42188
 42       16        273046.59375
 42       17        315140.34375
 42       18        361893.40625
 42       19        413854.50000
 42       20        471676.00000
 42       21        536138.37500
 42       22        608182.00000
 42       23        688948.68750
 42       24        779837.68750
 42       25        882580.75000
 42       26        999346.18750
 42       27       1132883.75000
 42       28       1286732.12500
 42       29       1465522.37500
 42       30       1675432.50000
 42       31       1924890.37500
 42       32       2225698.75000
 42       33       2594909.75000
 42       34       3058105.25000
 42       35       3655489.00000
 42       36       4454073.00000
 42       37       5574482.00000
 42       38       7257973.50000
 42       39      10067488.00000
 42       40      15691855.00000
 42       41      32575252.00000
 43        1           912.29340
 43        2          3655.10718
 43        3          8246.33887
 43        4         14716.14355
 43        5         23107.43164
 43        6         33476.58984
 43        7         45894.43750
 43        8         60447.48828
 43        9         77239.46094
 43       10         96393.26562
 43       11        118053.29688
 43       12        142388.39062
 43       13        169595.34375
 43       14        199903.18750
 43       15        233578.56250
 43       16        270932.25000
 43       17        312327.15625
 43       18        358188.53125
 43       19        409016.43750
 43       20        465401.84375
 43       21        528046.81250
 43       22        597790.75000
 43       23        675644.50000
 43       24        762834.93750
 43       25        860865.06250
 43       26        971594.81250
 43       27       1097352.12500
 43       28       1241089.00000
 43       29       1406604.37500
 43       30       1598868.62500
 43       31       1824512.75000
 43       32       2092582.12500
 43       33       2415743.25000
 43       34       2812296.50000
 43       35       3309695.25000
 43       36       3951085.00000
 43       37       4808379.00000
 43       38       6011027.00000
 43       39       7817931.50000
 43       40      10833209.00000
 43       41      16869218.00000
 43       42      34987760.00000
 44        1           912.27118
 44        2          3654.75098
 44        3          8244.52637
 44        4         14710.37305
 44        5         23093.20703
 44        6         33446.74219
 44        7         45838.36328
 44        8         60350.25000
 44        9         77080.76562
 44       10         96146.22656
 44       11        117682.98438
 44       12        141850.03125
 44       13        168832.12500
 44       14        198843.67188
 44       15        232133.29688
 44       16        268989.68750
 44       17        309748.46875
 44       18        354801.06250
 44       19        404605.31250
 44       20        459699.15625
 44       21        520717.68750
 44       22        588414.93750
 44       23        663691.87500
 44       24        747633.06250
 44       25        841554.50000
 44       26        947067.81250
 44       27       1066166.87500
 44       28       1201347.12500
 44       29       1355772.50000
 44       30       1533513.75000
 44       31       1739897.62500
 44       32       1982029.25000
 44       33       2269600.50000
 44       34       2616183.25000
 44       35       3041385.25000
 44       36       3574620.75000
 44       37       4262116.50000
 44       38       5180921.50000
 44       39       6469728.50000
 44       40       8405928.00000
 44       41      11636770.00000
 44       42      18104022.00000
 44       43      37516524.00000
 45        1           912.25049
 45        2          3654.41846
 45        3          8242.83496
 45        4         14704.98730
 45        5         23079.93750
 45        6         33418.91406
 45        7         45786.10938
 45        8         60259.70312
 45        9         76933.12500
 45       10         95916.62500
 45       11        117339.17969
 45       12        141350.81250
 45       13        168125.40625
 45       14        197864.09375
 45       15        230799.37500
 45       16        267200.18750
 45       17        307377.96875
 45       18        351694.28125
 45       19        400570.06250
 45       20        454497.21875
 45       21        514053.15625
 45       22        579919.00000
 45       23        652903.06250
 45       24        733970.68750
 45       25        824283.50000
 45       26        925250.56250
 45       27       1038597.18750
 45       28       1166457.37500
 45       29       1311501.87500
 45       30       1477116.00000
 45       31       1667655.62500
 45       32       1888819.62500
 45       33       2148209.50000
 45       34       2456194.00000
 45       35       2827292.25000
 45       36       3282480.00000
 45       37       3853223.75000
 45       38       4588975.00000
 45       39       5572156.50000
 45       40       6951134.00000
 45       41       9022645.00000
 45       42      12479083.00000
 45       43      19397638.00000
 45       44      40164276.00000
 46        1           912.23108
 46        2          3654.10742
 46        3          8241.25293
 46        4         14699.95215
 46        5         23067.53711
 46        6         33392.92188
 46        7         45737.33594
 46        8         60175.24609
 46        9         76795.51562
 46       10         95702.81250
 46       11        117019.35938
 46       12        140886.96875
 46       13        167469.60938
 46       14        196956.39062
 46       15        229565.29688
 46       16        265547.53125
 46       17        305192.96875
 46       18        348836.75000
 46       19        396867.31250
 46       20        449736.31250
 46       21        507971.12500
 46       22        572190.25000
 46       23        643122.93750
 46       24        721634.06250
 46       25        808756.18750
 46       26        905731.43750
 46       27       1014066.18750
 46       28       1135604.50000
 46       29       1272626.75000
 46       30       1427986.75000
 46       31       1605301.62500
 46       32       1809224.87500
 46       33       2045844.75000
 46       34       2323281.50000
 46       35       2652611.50000
 46       36       3049343.75000
 46       37       3535884.75000
 46       38       4145846.00000
 46       39       4932050.50000
 46       40       5982539.00000
 46       41       7455790.50000
 46       42       9668769.00000
 46       43      13361059.00000
 46       44      20751434.00000
 46       45      42933756.00000
 47        1           912.21295
 47        2          3653.81616
 47        3          8239.77051
 47        4         14695.23926
 47        5         23055.93164
 47        6         33368.60547
 47        7         45691.73438
 47        8         60096.33203
 47        9         76667.03906
 47       10         95503.37500
 47       11        116721.31250
 47       12        140455.17188
 47       13        166859.84375
 47       14        196113.54688
 47       15        228421.06250
 47       16        264017.68750
 47       17        303173.96875
 47       18        346201.50000
 47       19        393459.93750
 47       20        445365.65625
 47       21        502402.31250
 47       22        565134.18750
 47       23        634222.56250
 47       24        710446.87500
 47       25        794731.00000
 47       26        888177.62500
 47       27        992112.93750
 47       28       1108144.75000
 47       29       1238241.00000
 47       30       1384835.37500
 47       31       1550972.50000
 47       32       1740511.50000
 47       33       1958416.87500
 47       34       2211183.50000
 47       35       2507473.25000
 47       36       2859101.25000
 47       37       3282611.25000
 47       38       3801903.25000
 47       39       4452829.50000
 47       40       5291734.00000
 47       41       6412525.50000
 47       42       7984245.00000
 47       43      10344981.00000
 47       44      14283611.00000
 47       45      22166774.00000
 47       46      45827696.00000
 48        1           912.19592
 48        2          3653.54297
 48        3          8238.38086
 48        4         14690.81934
 48        5         23045.05469
 48        6         33345.82812
 48        7         45649.03516
 48        8         60022.49219
 48        9         76546.89844
 48       10         95317.02344
 48       11        116443.07812
 48       12        140052.48438
 48       13        166291.81250
 48       14        195329.35938
 48       15        227357.92188
 48       16        262598.40625
 48       17        301303.96875
 48       18        343765.18750
 48       19        390316.09375
 48       20        441341.84375
 48       21        497287.78125
 48       22        558670.87500
 48       23        626093.75000
 48       24        700262.37500
 48       25        782008.31250
 48       26        872317.06250
 48       27        972364.37500
 48       28       1083563.87500
 48       29       1207629.50000
 48       30       1346658.50000
 48       31       1503243.87500
 48       32       1680629.75000
 48       33       1882927.75000
 48       34       2115426.75000
 48       35       2385045.75000
 48       36       2701012.00000
 48       37       3075912.00000
 48       38       3527368.25000
 48       39       4080839.50000
 48       40       4774516.50000
 48       41       5668416.00000
 48       42       6862571.50000
 48       43       8537045.00000
 48       44      11051967.00000
 48       45      15247649.00000
 48       46      23645030.00000
 48       47      48848832.00000
 49        1           912.17993
 49        2          3653.28613
 49        3          8237.07617
 49        4         14686.66992
 49        5         23034.84570
 49        6         33324.45703
 49        7         45608.99609
 49        8         59953.28906
 49        9         76434.38281
 49       10         95142.62500
 49       11        116182.91406
 49       12        139676.28125
 49       13        165761.71875
 49       14        194598.37500
 49       15        226368.17188
 49       16        261278.93750
 49       17        299568.18750
 49       18        341507.50000
 49       19        387408.15625
 49       20        437627.53125
 49       21        492577.15625
 49       22        552732.50000
 49       23        618645.06250
 49       24        690957.56250
 49       25        770422.18750
 49       26        857925.00000
 49       27        954515.50000
 49       28       1061445.75000
 49       29       1180220.50000
 49       30       1312664.00000
 49       31       1461008.12500
 49       32       1628012.62500
 49       33       1817129.12500
 49       34       2032732.50000
 49       35       2280449.75000
 49       36       2567642.00000
 49       37       2904126.25000
 49       38       3303292.25000
 49       39       3783888.00000
 49       40       4372997.50000
 49       41       5111248.00000
 49       42       6062488.00000
 49       43       7333133.00000
 49       44       9114737.00000
 49       45      11790410.00000
 49       46      16254086.00000
 49       47      25187568.00000
 49       48      51999896.00000
 50        1           912.16486
 50        2          3653.04492
 50        3          8235.84863
 50        4         14682.76953
 50        5         23025.25195
 50        6         33304.38281
 50        7         45571.39844
 50        8         59888.33984
 50        9         76328.85156
 50       10         94979.16406
 50       11        115939.25781
 50       12        139324.28125
 50       13        165266.18750
 50       14        193915.79688
 50       15        225445.04688
 50       16        260049.90625
 50       17        297953.62500
 50       18        339410.84375
 50       19        384712.25000
 50       20        434190.46875
 50       21        488227.03125
 50       22        547260.87500
 50       23        611798.81250
 50       24        682428.25000
 50       25        759833.31250
 50       26        844814.68750
 50       27        938314.81250
 50       28       1041449.87500
 50       29       1155551.25000
 50       30       1282218.75000
 50       31       1423391.50000
 50       32       1581441.75000
 50       33       1759302.25000
 50       34       1960641.37500
 50       35       2190107.75000
 50       36       2453681.00000
 50       37       2759182.50000
 50       38       3117043.50000
 50       39       3541490.75000
 50       40       4052444.50000
 50       41       4678680.50000
 50       42       5463367.00000
 50       43       6474340.00000
 50       44       7824666.50000
 50       45       9717868.00000
 50       46      12560995.00000
 50       47      17303834.00000
 50       48      26795754.00000
 50       49      55283632.00000
